[[0.324825 0.327    0.331775 ... 0.358675 0.370775 0.33715 ]
 [0.327    0.329325 0.335875 ... 0.36305  0.375625 0.3416  ]
 [0.331775 0.335875 0.370075 ... 0.397175 0.414475 0.378825]
 ...
 [0.358675 0.36305  0.397175 ... 0.427125 0.445875 0.40695 ]
 [0.370775 0.375625 0.414475 ... 0.445875 0.466275 0.425475]
 [0.33715  0.3416   0.378825 ... 0.40695  0.425475 0.388625]][[0.341925 0.346125 0.38085  ... 0.408825 0.4266   0.38985 ]
 [0.381375 0.387225 0.44185  ... 0.473575 0.4967   0.4544  ]
 [0.284725 0.28625  0.286475 ... 0.309475 0.318875 0.2901  ]
 ...
 [0.30665  0.30925  0.3224   ... 0.34765  0.3605   0.3284  ]
 [0.32185  0.324725 0.33905  ... 0.3661   0.38015  0.345975]
 [0.352825 0.357875 0.402675 ... 0.432125 0.452575 0.413675]]